0577
05772156
05772156649
0720
0915
09159655
091596559417
1024
1109
11092001
1202
1202056
12020569
12020569031
1337
13371337
1543
1940
19401940
1941
19411941
1942
19421942
1943
19431943
1944
19441944
1945
19451945
1946
19461946
1947
19471947
1948
19481948
1949
19491949
1950
19501950
1951
19511951
1952
19521952
1953
19531953
1954
19541954
1955
19551955
1956
19561956
1957
19571957
1958
19581958
1959
19591959
1960
19601960
1961
19611961
1962
19621962
1963
19631963
1964
19641964
1965
19651965
1966
19661966
1967
19671967
1968
19681968
1969
19690720
19691969
1970
19701970
1971
19711971
1972
19721972
1973
19731973
1974
19741974
1975
19751975
1976
19761976
1977
19771977
1978
19781978
1979
19791979
1980
19801980
1981
19811981
1982
19821982
1983
19831983
1984
19841984
1985
19851985
1986
19861986
1987
19871987
1988
19881988
1989
19891989
1990
19901990
1991
19911991
1992
19921992
1993
19931993
1994
19941994
1995
19951995
1996
19961996
1997
19971997
1998
19981998
1999
19991999
2000
20002000
20003000
2001
20012001
2002
20022002
2003
20032003
2004
20042004
2005
20052005
2006
20062006
2007
20071969
20072007
2008
20082008
2009
20092009
2010
20102010
2011
20112011
2012
20122012
2013
20132013
20132014
2014
20142014
20142015
2015
20152015
20152016
2016
20162016
20162017
2017
20172017
20172018
2018
20182018
20182019
2019
20192019
20192020
2020
20202020
20202021
2021
20212021
20212022
2022
20222022
2023
20232023
2024
20242024
2048
256
2600
2685
26854520
2718
27182818
2718281828459
286
31337
314
314159
31415926
386
4096
4669
46692016
466920160910
486
512
