0
00
000
0000
007
0099
01
02
03
04
05
06
07
08
080
09
090
0921
098
0987
1
10
100
1029
11
110
111
1111
112
1122
119
12
121
1212
123
123321
1234
12345
123456
1234567
12345678
123456789
1234567890
1290
13
131
14
141
15
151
16
2
20
200
21
212
22
2211
222
2222
2233
23
2332
234
2345
23456
234567
236
23789
24
246
25
256
26
27
3
30
300
313
32
321
323
33
333
3333
3344
34
345
35
36
369
37
4
40
400
414
424
43
432
4321
434
44
444
4444
4455
45
456
46
47
48
5
50
500
512
515
54
543
5432
55
555
5555
5566
56
567
57
6
60
600
65
654
65432
66
666
6666
67
678
69
7
70
700
76
765
765432
77
777
7777
7788
78
7896
8
80
800
87
876
88
888
8888
89
890
9
90
900
9010
9020
9090
911
9191
98
987
989
99
9900
997
998
999
9999
